5 15
P001SE 1.5 1.5
P004SE 3.0 3.0
P004ES 3.0 3.0
P017SE 2.0 1.5
P017ES 2.0 1.5
D008 2.0 0
D046 3.0 240
D050 2.5 240
D051 2.5 240
D058 1.5 0
D060 3.0 240
D061 3.0 120
D112 2.5 0
D123 1.5 0
D124 1.5 0
D141 3.0 0
D142 3.0 240
D150 3.0 240
D157 2.0 240
D159 2.0 0
0 234 143 205 258
332 0 475 258 320
389 344 0 507 115
447 115 590 0 435
274 229 417 392 0
9 134 134 196 196 0 74 59 71 107 120 127 120 161 131 178 114 205 216 187
83 60 60 175 175 74 0 133 73 33 161 129 122 124 205 203 116 131 142 194
50 193 193 224 224 59 133 0 130 166 61 93 148 189 72 119 142 242 253 128
80 133 133 125 125 71 73 130 0 106 88 56 49 90 155 130 43 143 154 121
116 27 27 142 142 107 33 166 106 0 194 162 132 91 238 236 149 98 109 227
111 192 192 163 163 120 161 61 88 194 0 32 87 128 67 114 81 181 192 123
136 160 160 131 131 127 129 93 56 162 32 0 55 96 99 136 49 149 160 127
129 105 105 124 124 120 122 148 49 132 87 55 0 41 154 129 42 94 105 120
170 64 64 97 97 161 124 189 90 91 128 96 41 0 195 170 83 53 64 161
122 259 259 162 162 131 205 72 155 238 67 99 154 195 0 47 134 206 195 56
169 230 230 115 115 178 203 119 130 236 114 136 129 170 47 0 87 159 148 9
123 147 147 82 82 114 116 142 43 149 81 49 42 83 134 87 0 126 115 78
214 71 71 44 44 205 131 242 143 98 181 149 94 53 206 159 126 0 11 150
225 82 82 33 33 216 142 253 154 109 192 160 105 64 195 148 115 11 0 139
178 221 221 106 106 187 194 128 121 227 123 127 120 161 56 9 78 150 139 0
